iter:   0 x =  1.30000000e+00  2.00000000e-14  1.00000000e+02 |f(x)| = 1.87997
status = success
iter:   1 x =  1.39509965e+00  2.18591931e-15  1.18807549e+02 |f(x)| = 0.522781
status = success
iter:   2 x =  1.42901487e+00  4.92812194e-15  1.14784765e+02 |f(x)| = 0.256476
status = success
iter:   3 x =  1.43066190e+00  5.47968645e-15  1.14302112e+02 |f(x)| = 0.250907
status = success
iter:   4 x =  1.43037759e+00  5.57470516e-15  1.14271789e+02 |f(x)| = 0.250769
status = success
iter:   5 x =  1.43031454e+00  5.59267014e-15  1.14266761e+02 |f(x)| = 0.250765
chisq/dof = 7.78253e-05
A = 1.43031e+00 +/- 1.36620e-01 1.199e-3
B = 5.59267e-15 +/- 1.38168e-14 1.22e-16
d = 1.14267e+02 +/- 1.55953e+01 0.1375
status = success
