iter:   0 x =  1.30000000e+00  2.00000000e-14  1.00000000e+02 |f(x)| = 1.65123
status = success
iter:   1 x =  1.42608289e+00  4.27876898e-15  1.02578221e+02 |f(x)| = 0.473966
status = success
iter:   2 x =  1.45055100e+00  3.91849882e-15  9.77600152e+01 |f(x)| = 0.168789
status = success
iter:   3 x =  1.45374213e+00  3.98756899e-15  9.76380849e+01 |f(x)| = 0.165329
status = success
iter:   4 x =  1.45371126e+00  4.00259341e-15  9.76300254e+01 |f(x)| = 0.165323
chisq/dof = 3.38262e-05
A = 1.45371e+00 +/- 1.40263e-01 8.1577e-4
B = 4.00259e-15 +/- 1.13102e-14 6.578e-17
d = 9.76300e+01 +/- 1.42181e+01 0.0827
status = success
